n,time
1,5.96046447754e-06
1,3.81469726562e-06
1,4.05311584473e-06
1,4.05311584473e-06
1,2.86102294922e-06
1,4.05311584473e-06
1,3.09944152832e-06
1,2.86102294922e-06
1,3.09944152832e-06
1,3.09944152832e-06
2,3.09944152832e-06
2,2.86102294922e-06
2,3.09944152832e-06
2,4.05311584473e-06
2,2.86102294922e-06
2,4.05311584473e-06
2,2.86102294922e-06
2,3.09944152832e-06
2,3.09944152832e-06
2,3.09944152832e-06
3,1.50203704834e-05
3,1.09672546387e-05
3,1.09672546387e-05
3,1.00135803223e-05
3,1.00135803223e-05
3,1.09672546387e-05
3,1.00135803223e-05
3,1.00135803223e-05
3,1.00135803223e-05
3,1.00135803223e-05
4,2.09808349609e-05
4,1.81198120117e-05
4,1.69277191162e-05
4,1.71661376953e-05
4,1.78813934326e-05
4,1.81198120117e-05
4,1.81198120117e-05
4,1.90734863281e-05
4,1.81198120117e-05
4,1.78813934326e-05
5,3.00407409668e-05
5,2.98023223877e-05
5,2.98023223877e-05
5,2.90870666504e-05
5,3.00407409668e-05
5,3.09944152832e-05
5,2.90870666504e-05
5,3.09944152832e-05
5,3.00407409668e-05
5,2.90870666504e-05
6,4.38690185547e-05
6,4.38690185547e-05
6,4.29153442383e-05
6,4.31537628174e-05
6,4.50611114502e-05
6,4.29153442383e-05
6,4.10079956055e-05
6,4.29153442383e-05
6,4.19616699219e-05
6,4.29153442383e-05
7,8.48770141602e-05
7,6.00814819336e-05
7,6.29425048828e-05
7,6.103515625e-05
7,6.103515625e-05
7,6.00814819336e-05
7,6.98566436768e-05
7,5.88893890381e-05
7,6.19888305664e-05
7,6.00814819336e-05
8,8.10623168945e-05
8,8.70227813721e-05
8,8.29696655273e-05
8,8.10623168945e-05
8,8.41617584229e-05
8,8.17775726318e-05
8,8.41617584229e-05
8,8.29696655273e-05
8,8.10623168945e-05
8,8.29696655273e-05
9,0.0001060962677
9,0.000106811523438
9,0.000108003616333
9,0.000107049942017
9,0.000109910964966
9,0.000106811523438
9,0.000108957290649
9,0.000109910964966
9,0.000108957290649
9,0.000108957290649
10,0.000147104263306
10,0.000136852264404
10,0.000139951705933
10,0.000134944915771
10,0.000168085098267
10,0.000140190124512
10,0.000138998031616
10,0.000143051147461
10,0.0001380443573
10,0.000139951705933
11,0.000171899795532
11,0.000188827514648
11,0.000173091888428
11,0.000174999237061
11,0.000182867050171
11,0.000174999237061
11,0.000171899795532
11,0.000174045562744
11,0.000178098678589
11,0.000170946121216
12,0.000214815139771
12,0.000220775604248
12,0.00021505355835
12,0.000208139419556
12,0.000212907791138
12,0.000210046768188
12,0.000211954116821
12,0.000214099884033
12,0.000212907791138
12,0.000225067138672
13,0.000256061553955
13,0.000257015228271
13,0.000283002853394
13,0.000259160995483
13,0.000266790390015
13,0.000257968902588
13,0.000257968902588
13,0.00026798248291
13,0.000263929367065
13,0.000271081924438
14,0.000314950942993
14,0.000309944152832
14,0.000308036804199
14,0.00030517578125
14,0.000318050384521
14,0.000314950942993
14,0.000317096710205
14,0.000307083129883
14,0.000320911407471
14,0.000308990478516
15,0.000394105911255
15,0.000364065170288
15,0.000370979309082
15,0.000372886657715
15,0.000377893447876
15,0.000366926193237
15,0.000373125076294
15,0.000368118286133
15,0.000401973724365
15,0.000370025634766
16,0.000441074371338
16,0.000427007675171
16,0.000442028045654
16,0.000439882278442
16,0.000436067581177
16,0.000491142272949
16,0.000428915023804
16,0.000433921813965
16,0.000447988510132
16,0.000432968139648
17,0.000516176223755
17,0.000524997711182
17,0.000501871109009
17,0.000509023666382
17,0.000518798828125
17,0.000509977340698
17,0.000522136688232
17,0.000521183013916
17,0.000500917434692
17,0.000516891479492
18,0.000590801239014
18,0.000570774078369
18,0.000578880310059
18,0.000604867935181
18,0.000591039657593
18,0.000586986541748
18,0.000582933425903
18,0.000586986541748
18,0.000598907470703
18,0.000581979751587
19,0.000662088394165
19,0.000669002532959
19,0.000675916671753
19,0.000684022903442
19,0.000670909881592
19,0.000662088394165
19,0.000669002532959
19,0.000670909881592
19,0.000678062438965
19,0.000675916671753
20,0.000775098800659
20,0.000778198242188
20,0.000779151916504
20,0.000772953033447
20,0.000752925872803
20,0.000761032104492
20,0.000761032104492
20,0.00077486038208
20,0.000779151916504
20,0.000777006149292
21,0.000875234603882
21,0.000875949859619
21,0.000878095626831
21,0.000862121582031
21,0.000860929489136
21,0.000850915908813
21,0.000874042510986
21,0.000854015350342
21,0.000874996185303
21,0.000869035720825
22,0.000967025756836
22,0.000988006591797
22,0.000982999801636
22,0.000972986221313
22,0.000980138778687
22,0.000978946685791
22,0.000992059707642
22,0.00097918510437
22,0.000975131988525
22,0.000982999801636
23,0.00111389160156
23,0.0010929107666
23,0.00109791755676
23,0.00122714042664
23,0.00109195709229
23,0.00110101699829
23,0.00108695030212
23,0.0010941028595
23,0.00112009048462
23,0.00110006332397
24,0.00122284889221
24,0.00124502182007
24,0.00122499465942
24,0.00122117996216
24,0.00124287605286
24,0.00122809410095
24,0.00122308731079
24,0.00122904777527
24,0.00122094154358
24,0.001216173172
25,0.00136804580688
25,0.0013689994812
25,0.00136399269104
25,0.00136303901672
25,0.00135588645935
25,0.00138711929321
25,0.00135111808777
25,0.00137996673584
25,0.00135493278503
25,0.00136184692383
26,0.00151419639587
26,0.00151801109314
26,0.00150609016418
26,0.00152182579041
26,0.00151801109314
26,0.00151300430298
26,0.00150990486145
26,0.001540184021
26,0.00149893760681
26,0.00154399871826
27,0.00165796279907
27,0.00168895721436
27,0.00168991088867
27,0.00167393684387
27,0.0016450881958
27,0.00165915489197
27,0.00163698196411
27,0.00166201591492
27,0.00167012214661
27,0.00166893005371
28,0.00184798240662
28,0.00183010101318
28,0.00182580947876
28,0.00183796882629
28,0.00182509422302
28,0.00183701515198
28,0.00185012817383
28,0.00184392929077
28,0.0018150806427
28,0.00183582305908
29,0.00203418731689
29,0.00201106071472
29,0.00199890136719
29,0.00203895568848
29,0.00201392173767
29,0.00201106071472
29,0.00199508666992
29,0.00201797485352
29,0.00199604034424
29,0.00201416015625
30,0.00219392776489
30,0.0021870136261
30,0.00221085548401
30,0.00222206115723
30,0.00219511985779
30,0.00221490859985
30,0.00216817855835
30,0.0022189617157
30,0.00219082832336
30,0.00222206115723
31,0.00240588188171
31,0.00242304801941
31,0.00238800048828
31,0.00240898132324
31,0.00239992141724
31,0.00241088867188
31,0.00236201286316
31,0.00239896774292
31,0.00238013267517
31,0.00240993499756
32,0.00259208679199
32,0.00257682800293
32,0.00260615348816
32,0.0026228427887
32,0.0025908946991
32,0.00260782241821
32,0.00260710716248
32,0.00256085395813
32,0.00261402130127
32,0.00262904167175
33,0.00282216072083
33,0.0028350353241
33,0.00282192230225
33,0.00285506248474
33,0.00281500816345
33,0.00280618667603
33,0.00282788276672
33,0.00283694267273
33,0.00282907485962
33,0.00280594825745
34,0.00306010246277
34,0.00304508209229
34,0.00305199623108
34,0.00307989120483
34,0.00303506851196
34,0.00307106971741
34,0.00307106971741
34,0.00308704376221
34,0.00306701660156
34,0.00304818153381
35,0.00328516960144
35,0.00332808494568
35,0.00330781936646
35,0.00330400466919
35,0.00332498550415
35,0.00330209732056
35,0.003338098526
35,0.00332093238831
35,0.00331401824951
35,0.00328493118286
36,0.00359892845154
36,0.00356483459473
36,0.00362110137939
36,0.0035228729248
36,0.00353598594666
36,0.00354909896851
36,0.00357484817505
36,0.00352907180786
36,0.00356578826904
36,0.00359296798706
37,0.00379490852356
37,0.00380396842957
37,0.00388312339783
37,0.00379705429077
37,0.00384187698364
37,0.00383591651917
37,0.00384187698364
37,0.00382494926453
37,0.00382089614868
37,0.00383186340332
38,0.00412917137146
38,0.00422096252441
38,0.00409007072449
38,0.00408697128296
38,0.00413703918457
38,0.00404405593872
38,0.0041401386261
38,0.00406002998352
38,0.00410485267639
38,0.00415992736816
39,0.00445199012756
39,0.00444507598877
39,0.00450301170349
39,0.00441789627075
39,0.00441598892212
39,0.00441002845764
39,0.00444602966309
39,0.00440692901611
39,0.00444102287292
39,0.00439596176147
40,0.0047070980072
40,0.00472497940063
40,0.00471186637878
40,0.00470089912415
40,0.00477695465088
40,0.00466179847717
40,0.004714012146
40,0.00280904769897
40,0.00182509422302
40,0.00184798240662
41,0.00194692611694
41,0.00193786621094
41,0.00195097923279
41,0.00193905830383
41,0.00193095207214
41,0.0019428730011
41,0.00196194648743
41,0.00192785263062
41,0.00193786621094
41,0.00194382667542
42,0.00206899642944
42,0.00206995010376
42,0.0020649433136
42,0.00206589698792
42,0.00206398963928
42,0.0020809173584
42,0.00206613540649
42,0.00208592414856
42,0.00205492973328
42,0.00206899642944
43,0.00223302841187
43,0.00222086906433
43,0.00220799446106
43,0.00220584869385
43,0.00219893455505
43,0.00220799446106
43,0.00218605995178
43,0.0022120475769
43,0.00219893455505
43,0.00220012664795
44,0.00234603881836
44,0.00236010551453
44,0.00234198570251
44,0.00233697891235
44,0.0023410320282
44,0.002357006073
44,0.0023820400238
44,0.00236487388611
44,0.00235199928284
44,0.00236582756042
45,0.00249600410461
45,0.00253009796143
45,0.00250601768494
45,0.00251007080078
45,0.00250887870789
45,0.0025041103363
45,0.0024950504303
45,0.00249600410461
45,0.00249099731445
45,0.00249600410461
46,0.00265693664551
46,0.00268197059631
46,0.00267195701599
46,0.00261807441711
46,0.00265097618103
46,0.00265502929688
46,0.00266814231873
46,0.00264692306519
46,0.00262498855591
46,0.00265002250671
47,0.00279188156128
47,0.00279402732849
47,0.00282096862793
47,0.00282001495361
47,0.00282192230225
47,0.00279998779297
47,0.00279903411865
47,0.00285196304321
47,0.00281691551208
47,0.00281095504761
48,0.00296497344971
48,0.00298500061035
48,0.00296306610107
48,0.00297498703003
48,0.00298595428467
48,0.00298094749451
48,0.00301313400269
48,0.00303387641907
48,0.00294804573059
48,0.00297689437866
49,0.00317096710205
49,0.00317287445068
49,0.00313091278076
49,0.00316405296326
49,0.00314712524414
49,0.00316190719604
49,0.00315713882446
49,0.00316095352173
49,0.00317001342773
49,0.00313401222229
50,0.00332403182983
50,0.00331807136536
50,0.00333404541016
50,0.00336408615112
50,0.00331807136536
50,0.00332307815552
50,0.00332307815552
50,0.00339794158936
50,0.00334787368774
50,0.00334906578064
51,0.0034761428833
51,0.00352907180786
51,0.00348901748657
51,0.00350308418274
51,0.00355195999146
51,0.00351405143738
51,0.00352811813354
51,0.00352597236633
51,0.00352692604065
51,0.00351881980896
52,0.00371789932251
52,0.00370788574219
52,0.0036780834198
52,0.00368714332581
52,0.003741979599
52,0.00370287895203
52,0.00370502471924
52,0.00372910499573
52,0.00371694564819
52,0.00372505187988
53,0.00389695167542
53,0.00396490097046
53,0.00396299362183
53,0.00395584106445
53,0.00393509864807
53,0.00384902954102
53,0.00393390655518
53,0.00398588180542
53,0.00392293930054
53,0.00391411781311
54,0.00411105155945
54,0.0041401386261
54,0.00407814979553
54,0.00416707992554
54,0.0040819644928
54,0.00410985946655
54,0.0041241645813
54,0.00414299964905
54,0.00410985946655
54,0.0041708946228
55,0.00428199768066
55,0.00435900688171
55,0.00432705879211
55,0.00433683395386
55,0.00427913665771
55,0.00433492660522
55,0.00430297851562
55,0.00437092781067
55,0.004310131073
55,0.00439190864563
56,0.00455498695374
56,0.00455594062805
56,0.00453400611877
56,0.0045759677887
56,0.00468397140503
56,0.00457096099854
56,0.00453305244446
56,0.00461387634277
56,0.00455284118652
56,0.004558801651
57,0.00478315353394
57,0.00479292869568
57,0.00475907325745
57,0.00479412078857
57,0.00476884841919
57,0.00483107566833
57,0.00475215911865
57,0.00480890274048
57,0.00475692749023
57,0.00482296943665
58,0.00499892234802
58,0.00499606132507
58,0.00501704216003
58,0.00496912002563
58,0.00503706932068
58,0.00500416755676
58,0.00500702857971
58,0.00499820709229
58,0.00495886802673
58,0.00499582290649
59,0.0052318572998
59,0.00522208213806
59,0.00528192520142
59,0.00520205497742
59,0.00521206855774
59,0.00529289245605
59,0.00519919395447
59,0.00522994995117
59,0.00522708892822
59,0.00526905059814
60,0.00549697875977
60,0.00548505783081
60,0.00550389289856
60,0.00553584098816
60,0.00549483299255
60,0.00545310974121
60,0.00550889968872
60,0.00552701950073
60,0.00571393966675
60,0.00549721717834
61,0.00588202476501
61,0.00574398040771
61,0.00575995445251
61,0.00579690933228
61,0.00578594207764
61,0.00580596923828
61,0.00578904151917
61,0.00577616691589
61,0.00574088096619
61,0.0057270526886
62,0.00605583190918
62,0.00603795051575
62,0.00598096847534
62,0.00606608390808
62,0.00605988502502
62,0.00597381591797
62,0.0060338973999
62,0.00602197647095
62,0.00597310066223
62,0.00606298446655
63,0.00634002685547
63,0.00630402565002
63,0.00629615783691
63,0.00626492500305
63,0.0062849521637
63,0.00628209114075
63,0.00630593299866
63,0.0062370300293
63,0.00632095336914
63,0.00626087188721
64,0.00672101974487
64,0.00659608840942
64,0.00654602050781
64,0.00650382041931
64,0.00656890869141
64,0.00654196739197
64,0.00656080245972
64,0.00668907165527
64,0.00668787956238
64,0.00659990310669
65,0.00686883926392
65,0.00693011283875
65,0.00692391395569
65,0.00680088996887
65,0.00689816474915
65,0.00682187080383
65,0.00687694549561
65,0.00682091712952
65,0.00688004493713
65,0.00694704055786
66,0.00728702545166
66,0.00736093521118
66,0.00717520713806
66,0.00711512565613
66,0.00716400146484
66,0.00710201263428
66,0.00718307495117
66,0.00714802742004
66,0.00723600387573
66,0.007169008255
67,0.00758695602417
67,0.00750994682312
67,0.00749897956848
67,0.00747680664062
67,0.00757694244385
67,0.00740790367126
67,0.00749492645264
67,0.00763201713562
67,0.00754308700562
67,0.0074679851532
68,0.00779819488525
68,0.00788998603821
68,0.00777506828308
68,0.007728099823
68,0.00772404670715
68,0.00776100158691
68,0.00771999359131
68,0.00772714614868
68,0.00775980949402
68,0.00773119926453
69,0.00816988945007
69,0.00814604759216
69,0.00813007354736
69,0.0082221031189
69,0.00816798210144
69,0.00809597969055
69,0.0081160068512
69,0.00807905197144
69,0.00807809829712
69,0.00807499885559
70,0.00853991508484
70,0.00842809677124
70,0.00841093063354
70,0.00845909118652
70,0.00846791267395
70,0.00847291946411
70,0.00844883918762
70,0.00842189788818
70,0.00839805603027
70,0.00851702690125
71,0.00874209403992
71,0.0088050365448
71,0.00870394706726
71,0.00883913040161
71,0.0090069770813
71,0.00880789756775
71,0.00883913040161
71,0.00883293151855
71,0.0087149143219
71,0.00881719589233
72,0.00926494598389
72,0.00912404060364
72,0.0091450214386
72,0.00923299789429
72,0.00912594795227
72,0.00911903381348
72,0.00917792320251
72,0.0091290473938
72,0.00913500785828
72,0.00921392440796
73,0.00947189331055
73,0.00958204269409
73,0.00947213172913
73,0.00937581062317
73,0.00946187973022
73,0.00950908660889
73,0.00949597358704
73,0.00955200195312
73,0.00940799713135
73,0.00955700874329
74,0.00982904434204
74,0.009929895401
74,0.00992584228516
74,0.00984716415405
74,0.009761095047
74,0.00987696647644
74,0.00988101959229
74,0.00984501838684
74,0.00982809066772
74,0.00984692573547
75,0.0101449489594
75,0.0102388858795
75,0.0102398395538
75,0.0102400779724
75,0.0101988315582
75,0.0102488994598
75,0.0103440284729
75,0.0102801322937
75,0.0102441310883
75,0.0102791786194
76,0.0105679035187
76,0.0106549263
76,0.010694026947
76,0.0105729103088
76,0.0106639862061
76,0.010782957077
76,0.0106217861176
76,0.0106918811798
76,0.0105199813843
76,0.0106258392334
77,0.0109558105469
77,0.0109429359436
77,0.010999917984
77,0.0113909244537
77,0.0111429691315
77,0.0110721588135
77,0.010999917984
77,0.0109961032867
77,0.0110778808594
77,0.0109739303589
78,0.0113999843597
78,0.0114669799805
78,0.0113849639893
78,0.0114381313324
78,0.0115110874176
78,0.0114350318909
78,0.0113990306854
78,0.0113840103149
78,0.0116579532623
78,0.0113577842712
79,0.0118429660797
79,0.0118279457092
79,0.0119099617004
79,0.0118200778961
79,0.0119171142578
79,0.0119600296021
79,0.0122830867767
79,0.011904001236
79,0.011962890625
79,0.0119440555573
80,0.0125508308411
80,0.0122690200806
80,0.0122358798981
80,0.0122678279877
80,0.0122148990631
80,0.0122880935669
80,0.012433052063
80,0.0123770236969
80,0.0122888088226
80,0.0124349594116
81,0.0128149986267
81,0.0126550197601
81,0.0127730369568
81,0.0126628875732
81,0.012825012207
81,0.0126140117645
81,0.0126719474792
81,0.0127968788147
81,0.0126399993896
81,0.0127890110016
82,0.0130760669708
82,0.0130848884583
82,0.0130817890167
82,0.0131809711456
82,0.0130889415741
82,0.0130989551544
82,0.0131249427795
82,0.0133459568024
82,0.0131130218506
82,0.0131690502167
83,0.0140290260315
83,0.0140872001648
83,0.0139701366425
83,0.013512134552
83,0.0136950016022
83,0.013689994812
83,0.013580083847
83,0.0135669708252
83,0.0136590003967
83,0.0136499404907
84,0.0141260623932
84,0.0141320228577
84,0.0140819549561
84,0.0139989852905
84,0.0140919685364
84,0.0141479969025
84,0.0141758918762
84,0.013993024826
84,0.0140860080719
84,0.0140249729156
85,0.0145740509033
85,0.0145251750946
85,0.0147109031677
85,0.0145449638367
85,0.0147020816803
85,0.014436006546
85,0.0144619941711
85,0.0144309997559
85,0.0145161151886
85,0.0144670009613
86,0.0149509906769
86,0.0150079727173
86,0.0151419639587
86,0.0150430202484
86,0.0150229930878
86,0.0149781703949
86,0.0149319171906
86,0.014946937561
86,0.0150101184845
86,0.0150380134583
87,0.0155081748962
87,0.0155549049377
87,0.0154688358307
87,0.0156881809235
87,0.0155811309814
87,0.0154769420624
87,0.0154860019684
87,0.0154759883881
87,0.0156638622284
87,0.0153949260712
88,0.0160739421844
88,0.0161068439484
88,0.0161108970642
88,0.0160109996796
88,0.016058921814
88,0.0160188674927
88,0.0160028934479
88,0.016028881073
88,0.0160489082336
88,0.0160717964172
89,0.0165629386902
89,0.0165438652039
89,0.0165238380432
89,0.0165579319
89,0.0167760848999
89,0.0166790485382
89,0.0165121555328
89,0.0166578292847
89,0.0165431499481
89,0.0166609287262
90,0.0169739723206
90,0.0171120166779
90,0.017028093338
90,0.0171780586243
90,0.0170488357544
90,0.0169458389282
90,0.01704621315
90,0.017049074173
90,0.0172209739685
90,0.0170791149139
91,0.017678976059
91,0.0174980163574
91,0.0178129673004
91,0.0176930427551
91,0.0177500247955
91,0.0175929069519
91,0.0177500247955
91,0.0176141262054
91,0.0177969932556
91,0.0177390575409
92,0.0181629657745
92,0.018235206604
92,0.0179438591003
92,0.0184290409088
92,0.0181889533997
92,0.018079996109
92,0.0182499885559
92,0.0181441307068
92,0.0184009075165
92,0.0181200504303
93,0.0188159942627
93,0.0189168453217
93,0.0188789367676
93,0.0187690258026
93,0.0187859535217
93,0.0187740325928
93,0.0188090801239
93,0.0187561511993
93,0.0187830924988
93,0.0186560153961
94,0.0194120407104
94,0.019387960434
94,0.0192131996155
94,0.0193400382996
94,0.019378900528
94,0.0193359851837
94,0.0192739963531
94,0.0193300247192
94,0.0193438529968
94,0.0193197727203
95,0.0200297832489
95,0.0199320316315
95,0.0198318958282
95,0.0198969841003
95,0.0198469161987
95,0.0200369358063
95,0.0197849273682
95,0.0198440551758
95,0.0199019908905
95,0.0200440883636
96,0.0204110145569
96,0.0207009315491
96,0.0207569599152
96,0.0204880237579
96,0.0203821659088
96,0.0205402374268
96,0.0203969478607
96,0.0204620361328
96,0.0204110145569
96,0.0205659866333
97,0.0212631225586
97,0.0211169719696
97,0.0211200714111
97,0.0211179256439
97,0.0210959911346
97,0.0212388038635
97,0.0212309360504
97,0.0211520195007
97,0.0209789276123
97,0.0209541320801
98,0.0220148563385
98,0.0216300487518
98,0.0219328403473
98,0.0217690467834
98,0.0218660831451
98,0.0218260288239
98,0.0219528675079
98,0.0215489864349
98,0.0216310024261
98,0.0217819213867
99,0.0225419998169
99,0.0222759246826
99,0.0222461223602
99,0.0226860046387
99,0.0225939750671
99,0.0225160121918
99,0.0223431587219
99,0.0223321914673
99,0.022225856781
99,0.0225200653076
